0.47632830176295277 -0.7118364177752771 -1.2949944739416757 -0.15537899927604393 0.5569437614706924 0.4399063558344875 -0.4672430581008351 -0.08562239823991619 -1.0339951512545884 -1.0629537011126475 -0.01227705604393464 0.7338800213521998 -0.8636758735048552 0.10886536640625288 -1.023403934376511 0.09117241609946833 0.4835014392126992 -0.9604349236123161 0.7857973980208893 -0.23420341534039685 2.2087191865085227 -0.8807157887213937 -0.8212205606074635 0.5017664677421521 -0.4094790749562908 -0.9422393504033039 0.12827080933202759 -0.7759972310988099 -0.5054653584036614 0.6240819592058842 
-1.0278186698893663 
-0.2232387415767838 
-0.754789295392746 
0.03817088558688351 
-0.5331265421175863 
0.6013789961066288 
0.8269574471794434 
0.8517844604933326 
-0.7196304577532818 
0.5431208030860205 
0.12725093287364997 
0.11890894775062728 
-0.49663636345745776 
-0.7814593546650627 
-0.4891401825779748 
-0.37118313508319556 
0.5793414691966697 
-0.5180869075962893 
0.33916537171936434 
-0.6843764503863935 
0.3016286554974021 
-0.02438338476176397 
0.23958740170351725 
0.574660022605681 
-0.595802984837968 
-0.17613502654557478 
0.7942938057964909 
-0.2511618626437992 
0.7834213223425044 
0.3492593286463905 
-0.3460694836195184 
-1.1851838369753438 -0.5009840491466686 1.6676093013774627 0.06896254489546924 0.1906143700099155 0.3969648860967298 -0.8940017013773334 -0.6536782891541075 0.41346927238471426 1.3840863687521767 0.6283740677422854 -0.9013299375306907 -0.2866284567772931 -0.35922954602655854 0.5869148878427519 0.5673476935021978 0.5587721607016756 -0.4755140061208515 0.6080635560617701 0.1434617235224516 -2.0984433756641843 -1.060662273616028 -0.4320881378678459 -0.33156142350859164 0.6461826498476424 0.5267368965545915 -0.4290805324171334 -0.43693787933979583 -0.501861755449679 -1.070791311149901 
